9 0.115517 0.218339 0.0358152 0.0398519
9 0.0632864 0.36568 0.0494949 0.0599007
2 0.555755 0.323057 0.045745 0.0522127
9 0.125706 0.156567 0.0644103 0.0418956
9 0.0755517 0.287947 0.0602434 0.0535415
9 0.0354792 0.707514 0.0448391 0.0487229
9 0.309791 0.95563 0.0400812 0.0874727
9 0.468956 0.308293 0.0736538 0.0571641
9 0.0470817 0.636907 0.0561029 0.0467181
9 0.0481149 0.819366 0.0235757 0.0414883
9 0.061408 0.490955 0.0590933 0.0498509
9 0.486049 0.230753 0.068477 0.0465967
9 0.526052 0.16913 0.0191358 0.0388203
9 0.27688 0.00953237 0.086469 0.0190647
