9 0.571405 0.148192 0.0437769 0.0616891
9 0.870672 0.331539 0.0500427 0.0481543
9 0.886039 0.0312424 0.0680245 0.0578403
9 0.853247 0.561068 0.0578659 0.0454822
9 0.878854 0.120945 0.0628607 0.0492721
9 0.835534 0.896688 0.0547653 0.0441906
9 0.853617 0.679891 0.0474716 0.0418063
9 0.876486 0.030548 0.0498382 0.0526001
9 0.856977 0.827062 0.0281466 0.0440609
9 0.845194 0.752374 0.0587333 0.0449144
9 0.841667 0.825756 0.0584129 0.0456079
9 0.823324 0.824335 0.0232231 0.0386814
9 0.832904 0.824913 0.0417324 0.0416217
9 0.836583 0.919991 0.0594862 0.0908607
9 0.87373 0.203328 0.064724 0.0486295
14 0.568391 0.636715 0.0141841 0.0121269
9 0.873037 0.225475 0.0656193 0.0926164
9 0.858305 0.481822 0.0602623 0.0203651
9 0.886077 0.202872 0.0390427 0.0471691
9 0.569674 0.198476 0.0174724 0.0351492
