9 0.455101 0.950642 0.0423092 0.0662964
9 0.418859 0.850724 0.068764 0.0705314
4 0.208004 0.11987 0.0952693 0.0568465
9 0.369555 0.809913 0.0369078 0.0415812
9 0.376723 0.808948 0.0184071 0.0416647
9 0.574531 0.70651 0.0478556 0.107215
9 0.384572 0.648737 0.0584885 0.0622566
9 0.420543 0.960783 0.0298126 0.0575665
9 0.442707 0.955044 0.0664676 0.0753983
9 0.36592 0.811344 0.0289806 0.0370359
9 0.067545 0.302359 0.0719719 0.0444811
9 0.334933 0.668648 0.019453 0.0531826
9 0.347937 0.669413 0.0443873 0.0533209
