76 0.257684 0.877871 0.128978 0.136502
9 0.315284 0.995715 0.0383113 0.00773621
9 0.203013 0.843883 0.0232145 0.0414042
9 0.207943 0.844434 0.0326034 0.0423353
9 0.275111 0.902315 0.0918736 0.08705
9 0.352728 0.552031 0.0644148 0.077722
9 0.246235 0.637457 0.0765897 0.0787705
9 0.202663 0.738818 0.0389531 0.054628
9 0.529889 0.838298 0.0605852 0.0531893
9 0.18568 0.655947 0.0315642 0.070765
9 0.234605 0.67843 0.111449 0.160549
9 0.428685 0.749271 0.157471 0.0921264
9 0.200478 0.655295 0.0571979 0.068724
