72 0.43619 0.485068 0.859452 0.965823
50 0.444926 0.511537 0.120894 0.188511
50 0.410113 0.293263 0.148909 0.300657
72 0.214024 0.477445 0.406117 0.951109
50 0.430832 0.487286 0.090031 0.143495
9 0.156667 0.600703 0.037822 0.0406714
9 0.640947 0.0586815 0.0592455 0.116241
9 0.251793 0.294981 0.0504044 0.0983556
9 0.530405 0.0749227 0.0430616 0.100196
9 0.588603 0.31223 0.0782803 0.100606
9 0.605833 0.638065 0.046429 0.0796447
9 0.715871 0.273911 0.0698374 0.127966
9 0.801194 0.284304 0.0662962 0.201517
9 0.328569 0.166035 0.0218272 0.0457138
