72 0.450585 0.551713 0.901171 0.884791
39 0.378457 0.93852 0.0312238 0.120743
39 0.255947 0.898123 0.031375 0.132843
45 0.707369 0.624575 0.151455 0.125448
39 0.407513 0.941365 0.0505969 0.115853
39 0.0876521 0.86487 0.0442643 0.128307
9 0.07906 0.605521 0.0715353 0.100217
9 0.300672 0.481833 0.033345 0.0502148
9 0.0752241 0.864318 0.0633124 0.118588
9 0.131234 0.630128 0.0541382 0.0993532
9 0.0817903 0.955552 0.0268485 0.0472923
9 0.138382 0.936226 0.0513719 0.126639
9 0.00608229 0.590557 0.0121349 0.0967367
9 0.0263202 0.952347 0.0187648 0.0311398
