72 0.436978 0.510587 0.612765 0.910283
0 0.523487 0.692657 0.136688 0.337195
0 0.356883 0.680588 0.0982613 0.282758
9 0.386391 0.629888 0.0316213 0.0484095
9 0.22693 0.333315 0.0475568 0.0799017
9 0.350204 0.593412 0.0301217 0.0384777
9 0.535679 0.735627 0.0316122 0.0612645
9 0.688591 0.701571 0.0553328 0.103521
9 0.516454 0.464721 0.0347698 0.0479326
9 0.568653 0.726379 0.0204548 0.0323358
0 0.296141 0.77994 0.0131633 0.0289268
0 0.524421 0.328559 0.0226982 0.0424336
9 0.502917 0.56833 0.0447046 0.0812911
9 0.533935 0.663947 0.0192941 0.025466
0 0.55761 0.394867 0.0212845 0.0684494
0 0.275612 0.776196 0.0170833 0.0302771
9 0.322086 0.334489 0.0308836 0.0564208
0 0.505313 0.385397 0.0271291 0.0636061
9 0.540901 0.137424 0.0137289 0.0450094
