72 0.415703 0.505758 0.712712 0.988042
41 0.626422 0.76881 0.0485668 0.0679464
9 0.528432 0.491472 0.0242752 0.0697232
9 0.184189 0.320053 0.171969 0.113955
9 0.331779 0.623933 0.0873566 0.15169
9 0.312997 0.49302 0.0613588 0.0559732
9 0.191295 0.637294 0.0722582 0.0382399
9 0.321554 0.492155 0.0439787 0.0554512
9 0.559456 0.319849 0.0485595 0.0693387
9 0.366665 0.0172612 0.0174263 0.034357
9 0.400816 0.706602 0.0578144 0.0324744
9 0.660534 0.531473 0.0317704 0.0684752
9 0.327116 0.593883 0.0749459 0.088975
